[
  {
    "epNo": 0,
    "timesteps": 0,
    "time": 0.0,
    "wallHit": 0,
    "collidedWith": "",
    "distanceCovered": 0.0,
    "maxSpeed": 0.0,
    "avgSpeed": 0.0,
    "totalReward": 0.0,
    "rewardFromCheckpoints": 0.0,
    "rewardFromFinish": 0.0,
    "rewardFromTimeRunOut": 0.0,
    "rewardFromWall": 0.0,
    "rewardFromSpeed": 0.0,
    "rewardFromTime": 0.0,
    "rewardFromBrakes": 0.0
  },
  {
    "epNo": 1,
    "timesteps": 5799,
    "time": 115.980087,
    "wallHit": 0,
    "collidedWith": "",
    "distanceCovered": 1076.1300048828125,
    "maxSpeed": 12.576143264770508,
    "avgSpeed": 9.2911543403463863,
    "totalReward": 136.199081,
    "rewardFromCheckpoints": 97.0588455,
    "rewardFromFinish": 50.0,
    "rewardFromTimeRunOut": 0.0,
    "rewardFromWall": 0.0,
    "rewardFromSpeed": -1.05999935,
    "rewardFromTime": -5.79976225,
    "rewardFromBrakes": -3.99999833
  },
  {
    "epNo": 2,
    "timesteps": 4650,
    "time": 92.9970856,
    "wallHit": 1,
    "collidedWith": "obstacle",
    "distanceCovered": 831.9346923828125,
    "maxSpeed": 12.439157485961914,
    "avgSpeed": 20.545816301370181,
    "totalReward": 50.1674042,
    "rewardFromCheckpoints": 70.58825,
    "rewardFromFinish": 0.0,
    "rewardFromTimeRunOut": 0.0,
    "rewardFromWall": -13.0,
    "rewardFromSpeed": -1.06999934,
    "rewardFromTime": -4.65084553,
    "rewardFromBrakes": -1.70000029
  },
  {
    "epNo": 3,
    "timesteps": 5873,
    "time": 117.454262,
    "wallHit": 0,
    "collidedWith": "obstacle",
    "distanceCovered": 1127.7462158203125,
    "maxSpeed": 12.867819786071777,
    "avgSpeed": 25.880580064506177,
    "totalReward": 138.363571,
    "rewardFromCheckpoints": 97.2973251,
    "rewardFromFinish": 50.0,
    "rewardFromTimeRunOut": 0.0,
    "rewardFromWall": 0.0,
    "rewardFromSpeed": -1.05999935,
    "rewardFromTime": -5.873757,
    "rewardFromBrakes": -2.00000024
  }
]