[
  {
    "epNo": 3,
    "timesteps": 142,
    "time": 2.839044,
    "wallHit": 0,
    "distanceCovered": 6.3912105560302734,
    "maxSpeed": 4.7253680229187012,
    "avgSpeed": 6.7896224076556342,
    "totalReward": 0.0,
    "rewardFromCheckpoints": 0.0,
    "rewardFromFinish": 0.0,
    "rewardFromTimeRunOut": 0.0,
    "rewardFromWall": -13.0,
    "rewardFromSpeed": -1.23999918,
    "rewardFromTime": -0.143000111,
    "rewardFromBrakes": 0.0
  },
  {
    "epNo": 3,
    "timesteps": 142,
    "time": 2.839044,
    "wallHit": 0,
    "distanceCovered": 6.3912105560302734,
    "maxSpeed": 4.7253680229187012,
    "avgSpeed": 6.7896224076556342,
    "totalReward": 0.0,
    "rewardFromCheckpoints": 0.0,
    "rewardFromFinish": 0.0,
    "rewardFromTimeRunOut": 0.0,
    "rewardFromWall": -13.0,
    "rewardFromSpeed": -1.23999918,
    "rewardFromTime": -0.143000111,
    "rewardFromBrakes": 0.0
  },
  {
    "epNo": 3,
    "timesteps": 142,
    "time": 2.839044,
    "wallHit": 0,
    "distanceCovered": 6.3912105560302734,
    "maxSpeed": 4.7253680229187012,
    "avgSpeed": 6.7896224076556342,
    "totalReward": 0.0,
    "rewardFromCheckpoints": 0.0,
    "rewardFromFinish": 0.0,
    "rewardFromTimeRunOut": 0.0,
    "rewardFromWall": -13.0,
    "rewardFromSpeed": -1.23999918,
    "rewardFromTime": -0.143000111,
    "rewardFromBrakes": 0.0
  },
  {
    "epNo": 3,
    "timesteps": 142,
    "time": 2.839044,
    "wallHit": 0,
    "distanceCovered": 6.3912105560302734,
    "maxSpeed": 4.7253680229187012,
    "avgSpeed": 6.7896224076556342,
    "totalReward": 0.0,
    "rewardFromCheckpoints": 0.0,
    "rewardFromFinish": 0.0,
    "rewardFromTimeRunOut": 0.0,
    "rewardFromWall": -13.0,
    "rewardFromSpeed": -1.23999918,
    "rewardFromTime": -0.143000111,
    "rewardFromBrakes": 0.0
  }
]